.Random.seed <-
c(403L, 10L, -1939509945L, -455399395L, -1972851052L, -1907136966L, 
-93067131L, -1615864481L, -570198554L, 689024112L, 378843027L, 
513427505L, 1307805408L, -956633218L, 940451337L, -963047877L, 
-1979076598L, -225439764L, -545233809L, 398031781L, -1104733348L, 
854640434L, 1670583853L, 259071207L, 392687118L, -360475672L, 
-1604973077L, 569267849L, -373152232L, 429911366L, 73157537L, 
1615865395L, -32015454L, -1926877548L, -327455465L, 1334852365L, 
1621805604L, 706130442L, -531977355L, -1167298865L, -447094314L, 
-1155838592L, -720779837L, 680797025L, 1069832656L, -633179858L, 
-2107156263L, 623039211L, 765017946L, 1236658460L, -397991905L, 
-1439298443L, -994354932L, 780023010L, -2090492483L, 1323862583L, 
-1477674786L, 240399384L, -1494447237L, 1962679065L, 144885672L, 
15796054L, 498556881L, 379534211L, -507281902L, 1751226788L, 
534445415L, -1954069827L, -1291861452L, -1283688038L, -2004851227L, 
1066115455L, -1054013178L, -594832752L, -530959565L, 1681828049L, 
1112459904L, -2019042466L, 1824139433L, 1015688027L, -1935361686L, 
726871052L, 2024606799L, -528048891L, 204414396L, -1750796142L, 
-524641395L, -627074105L, 1589625006L, 2038042888L, 278335243L, 
865696233L, -1497612616L, 1568287078L, 2059266561L, 442590355L, 
1348108098L, 1994322164L, 543141111L, 1527162093L, 2065831812L, 
1548036522L, 964136725L, -1091940945L, -2114611786L, -1717941280L, 
-1760771293L, 553018433L, 1809135408L, 1208857934L, -1664436295L, 
-2136280629L, 1210954362L, 98973564L, 1847211967L, -1035124587L, 
1612959404L, 299744386L, -383234979L, -908799145L, -402772418L, 
-1805557128L, -621244069L, -1080934215L, -2025320184L, -1140907082L, 
493592817L, -1304635613L, 1997959538L, -351222844L, 189116295L, 
176215389L, -678376620L, 312340858L, 1136262341L, 1065033247L, 
486799782L, 999308080L, 2139134419L, -1649680399L, 454600992L, 
1595496382L, -791611447L, -60221573L, -1546105526L, -400971348L, 
1843791023L, 2142568037L, 1031775772L, -912492430L, -743964947L, 
-416242905L, 579567438L, -580896856L, 368559019L, 776011977L, 
2067908824L, -1866271354L, -241406879L, 408722931L, 1558928482L, 
-1087857964L, -1669403689L, 1052189133L, 250295652L, -1827815094L, 
2132142261L, -1752465393L, 82491670L, 1621926848L, 1669525379L, 
-863576671L, 1631682960L, -367048082L, 1734077465L, 991064235L, 
-1561815910L, -592141220L, -1866915489L, -425606347L, -2123512116L, 
1045386274L, 868984445L, -9766025L, 1405007006L, 2100982616L, 
1979070139L, 1602181209L, 147672040L, 1188580886L, 1237537169L, 
156729923L, 1091830098L, -1892297244L, -1539015641L, 876595325L, 
1958221172L, 964647258L, -1392816219L, -1388417089L, -1188993978L, 
1541227216L, 646515955L, -112645615L, 35023936L, -2123153378L, 
395435753L, 1230429211L, -2021624790L, -1936734388L, 730299663L, 
-40935355L, -2085025284L, -2065577902L, 476803533L, -150023289L, 
-1677658514L, 1908291144L, 1145442379L, 1976269225L, -520899336L, 
-377569242L, -1667509951L, 1228271315L, -2107255166L, 2071780532L, 
-1710873545L, -111327443L, -212319164L, 1493264440L, -1992544230L, 
1160611536L, -349307844L, 1833106580L, -1443223422L, 287629248L, 
704735548L, -601700720L, 1146839074L, -147703800L, -1391829876L, 
-1110182884L, -919082350L, 1179889792L, -1005517804L, 946010408L, 
1691793978L, 970831056L, 4002924L, -814240076L, 2110105618L, 
-223016992L, -1072569396L, 239541728L, 1818968610L, 444837160L, 
1224754444L, -1896120772L, 1388622066L, 1148866288L, -2004381884L, 
1812332120L, 157903418L, -1235308816L, 1381191868L, 1181602324L, 
-366095166L, 1769010272L, -1109779076L, 115855568L, 2122220578L, 
-848970072L, -34323572L, 1534406076L, 303537202L, -1927567552L, 
1238353076L, 849315656L, -1670690118L, 1370152720L, 12745964L, 
504448084L, 482742034L, 265074592L, 1709102028L, 741430112L, 
336020674L, -592538072L, 1296618924L, -993965252L, 560838514L, 
329242416L, 969520676L, -616184776L, -1504550694L, 1126544784L, 
-551879940L, 1470215060L, 260519746L, 735567360L, -1934154180L, 
1931995728L, 605951650L, -653188280L, -1355296244L, -527419172L, 
1929902674L, 748343424L, 1484393300L, -672250392L, -277020934L, 
-206394544L, -1417745364L, 467429748L, -145557870L, -1898598816L, 
519972492L, -1700161696L, 951925474L, 2043195560L, 570719436L, 
-1147444740L, 1800011698L, -1042863632L, 1887724996L, -1139016872L, 
381693818L, -1971202640L, 625563068L, -316849068L, -1926707262L, 
113264416L, -285951044L, 2019776080L, 332990946L, -1577937560L, 
1529318732L, 1886057724L, -1058104590L, -1974353152L, 1847578228L, 
-1765059576L, -52536902L, -1804930096L, 1317963244L, 954036116L, 
-1354121518L, 651422304L, -1525990068L, 1539817760L, -463864190L, 
1196160488L, -1905912852L, -417768900L, -1694624142L, -1492636816L, 
-147582684L, -379641288L, 1922652570L, 1274719696L, 2046705084L, 
-2019146604L, 1075087490L, -1986667072L, 835993404L, -700452720L, 
-1354142942L, -1248028152L, 1026156812L, 280099228L, -1970533870L, 
261037952L, -700380396L, -1155854040L, 432511034L, -1467098160L, 
-405811604L, 97063476L, -2070272366L, -2054189728L, -817272500L, 
-1893080096L, 654102946L, -683189848L, -982215028L, 1636437436L, 
923820658L, -859780112L, -27626940L, 571854936L, 1521288250L, 
-180915088L, -1248480196L, -39955180L, -1433126206L, -1806436640L, 
738937980L, -471213360L, -461354590L, -1904042968L, -867117300L, 
-1468899908L, 501847858L, 1374953152L, -284852172L, 1101725384L, 
-1220114246L, 955888272L, 1716051692L, -2144892332L, -311800174L, 
-486191840L, 1972848076L, -1712275744L, 1924736194L, -383427544L, 
492413868L, -1659097412L, 1376049138L, -354801104L, -712703068L, 
233840056L, 455843674L, -1083350896L, 1521037180L, 2031187220L, 
-236938942L, 138048768L, 593228220L, -236481200L, -668065502L, 
-581545400L, -952003572L, -1860971940L, 54662610L, 1948585472L, 
-2015315628L, -45548312L, -860509958L, 1806879440L, -461668564L, 
-1411934988L, -744149614L, 1388233056L, 945803276L, -711690016L, 
964347490L, 153477288L, -237432756L, 1374824316L, 5516594L, 1701850736L, 
959858500L, 2023005144L, -1526110342L, 1057596464L, 726181614L, 
54919067L, 294964733L, 2121937130L, 277787528L, 1531534641L, 
1123337635L, -1168707164L, -492526510L, -1708048473L, -393610255L, 
1112178486L, -953394220L, 978039141L, 1558867311L, 672362408L, 
1515963654L, -238056397L, 761653909L, -1954260238L, -1882930368L, 
-1091213143L, -1073832677L, 1316850412L, 982718202L, -401291473L, 
109569849L, -1588864690L, -2041100388L, -507820787L, 291491703L, 
162311040L, 454787550L, -16107861L, -689694291L, -479564262L, 
67703000L, 2017803585L, 863843827L, 901370900L, 1729206690L, 
-636244297L, -1608947583L, 2130468998L, 1991808196L, -759189003L, 
-2018825121L, -2125885768L, 2140184470L, 391894435L, 815466853L, 
-359964542L, 270305776L, -2014462055L, 1923922315L, -401021828L, 
25415338L, -1965397793L, -1486324119L, -1273746306L, -259988372L, 
-441092931L, 994815367L, -673609360L, -154842098L, 1079443771L, 
1103793693L, 2100794058L, 1973272040L, -1816108335L, 524017347L, 
141956548L, 705258098L, -229106873L, -1477106927L, 114208406L, 
-1512725516L, -154595963L, 1341128911L, -669423160L, -257554330L, 
1477451411L, -1130967563L, 1383583698L, 318860320L, 969723401L, 
-1636911301L, -1199474036L, -867819750L, -1316097649L, 1862086361L, 
-698330770L, -1158832900L, -966732179L, -847633897L, -711419936L, 
-629140546L, -1319390837L, -1981611507L, -291914182L, -2111605128L, 
1000742433L, 234262739L, 740904948L, 448284802L, -1576279785L, 
-2070947871L, -434699994L, 1756995620L, 1753727701L, -412782977L, 
-93708520L, -1680110026L, 1309081795L, -1107886843L, -636779358L, 
1188067984L, 1506674233L, 133912299L, 1740539868L, 1106315786L, 
738893055L, 630692169L, 533105374L, -979273588L, 168824925L, 
-51175833L, 1892552592L, -1597799506L, -475403685L, 1004217917L, 
-367814486L, -151951032L, -991699599L, -1607492893L, -835309084L, 
-2053636846L, 629518567L, -850917711L, -825312010L, 626204436L, 
