.Random.seed <-
c(403L, 11L, -1456280299L, -910473297L, -1475369034L, 450919904L, 
250516771L, -1942500799L, 504161584L, 743423822L, -583686727L, 
1691924427L, 920931450L, -584446596L, 682616255L, -176323947L, 
-2059190100L, -1064449406L, 18858589L, -925543081L, 2062915646L, 
-1812808584L, 249218907L, -1456717127L, -1250377976L, 1412994486L, 
915811057L, -1189700317L, -683567246L, 1015748036L, -1261253241L, 
-1959805091L, 414568788L, -1736932486L, 1394709189L, -322792417L, 
8291238L, 785372464L, 510891987L, -1735051791L, 1342792480L, 
579079614L, -576133687L, 1515968891L, -2056970422L, 1521655724L, 
-199973201L, -62073755L, 1262597148L, -563832206L, 573283565L, 
848667943L, 1170878798L, -862199384L, 449254827L, 1016606409L, 
2118194904L, 370998150L, 1803210337L, -2079991821L, 1797851746L, 
-862565164L, 2145562071L, -426080307L, 1531622244L, 1126127434L, 
-313856331L, -1653078513L, -1366001898L, 1821430208L, -56430205L, 
1682139041L, 1771390864L, 2028412014L, -319747559L, -853658965L, 
1728071322L, 1213895260L, 160272223L, -340778699L, -783007540L, 
-343913950L, 793306237L, 1014922615L, 1233220254L, 1113235800L, 
-859719493L, -1055046055L, -985434648L, -128569322L, 2079472529L, 
192791619L, 1607285586L, -1180950556L, 1067499047L, 1208850045L, 
284067700L, -1354564774L, 346934693L, 971270591L, -1927724474L, 
-56602416L, 932145907L, 2137705489L, 1534278208L, 1406639646L, 
-1158465303L, -2032002533L, -1519400406L, -159507124L, -1328333041L, 
1447551557L, -1439890436L, 1107229266L, 931260365L, -968650361L, 
1678517358L, -1897366456L, -716741045L, 1436179369L, 31085304L, 
304608806L, -959287487L, 988591315L, -108914558L, -1631316300L, 
-1860939209L, -1338992339L, -683509180L, -1105361046L, 1476629461L, 
1293493615L, 272556150L, -632353888L, -1566725021L, -146171647L, 
-278064016L, -970682354L, 456069241L, 69554187L, -836820678L, 
-321568708L, -199809153L, 808828117L, -775905044L, -2078778814L, 
-1420755555L, 1898366999L, 1408814462L, 839430968L, 1146268699L, 
-145173127L, -1520303160L, 1117106166L, 2016793137L, -1407441821L, 
1506642994L, -732427900L, -1167577145L, -192470371L, 927744532L, 
-474468166L, -704602875L, -62380321L, 330935142L, -56407312L, 
1796086291L, 737899441L, 1025941088L, 1763593214L, -1403669623L, 
-69692229L, -1442951030L, -1271286932L, -1578665745L, -208039131L, 
-704569892L, 2108476338L, 1729606317L, 983714407L, 90282382L, 
-358617496L, -1073382805L, -1495575543L, -298055016L, -1102418490L, 
1488235809L, 1707687347L, 1111865634L, 1885958932L, -850728041L, 
-2123500659L, 944238244L, -760266614L, -1816320267L, 898079055L, 
-472902058L, -1468535552L, 324581443L, 998300641L, 1797522256L, 
1757361582L, -269690023L, 1555403115L, -1499932454L, 1410306460L, 
-133169761L, -1696845835L, -150937972L, 1610398562L, 525194045L, 
-1636260937L, 1442850910L, 2030355864L, -589401861L, 120810649L, 
-1452004056L, -216310826L, -1367957423L, -449359101L, 1096573586L, 
119263268L, 1247559399L, 765694781L, -632427596L, 1513560090L, 
-1396675739L, 1252668927L, -250251130L, 519622740L, -383667262L, 
1609257760L, 202610620L, -109874608L, -159334942L, -895139480L, 
12610892L, 1256870140L, 845062898L, -1035526400L, -303022476L, 
-1745022968L, -1538924102L, 1444167632L, -1150952980L, -1923786860L, 
-1910177070L, -1181614496L, -713071284L, -620698336L, -1583740286L, 
799922664L, 1727913964L, -1736210884L, -1042778510L, 616541040L, 
100178212L, 1096110648L, -1470174822L, -1202914864L, -604527172L, 
-817284972L, -1524657022L, -2031598144L, 980036412L, -207344496L, 
-1386575070L, -337750520L, 1850168588L, 2013349276L, 285220370L, 
358984576L, 2097627924L, 1217593640L, -1823382470L, -11334704L, 
-1580135828L, -1208958412L, 1145555602L, -651811488L, -168674996L, 
-244979744L, 1188394402L, -565705304L, 1230210700L, -344400452L, 
-1093927310L, -896371728L, -555159996L, -2032967592L, -802396102L, 
-924405648L, 1439668284L, 1534542100L, -2099633470L, 35530464L, 
1291204732L, 866776784L, 748419490L, -2082318296L, 275262220L, 
1108928956L, -1992711374L, -1717196096L, 2018626612L, -70721848L, 
-391727942L, 2086794896L, -550097172L, -340034988L, 235135634L, 
-1089115872L, 1120932300L, 1062462176L, -1486470974L, 1245637672L, 
-530696276L, -864671044L, 129285106L, -28461520L, -731541596L, 
-1413231176L, 1937487706L, -142036848L, -841405572L, -36118252L, 
672270658L, 1378119936L, -930939460L, -2122809008L, 2113198370L, 
-1230628280L, 893972492L, 1471120988L, -1130927662L, 114333184L, 
-13064876L, 1422470376L, 724103418L, 461440720L, 518548268L, 
-176508684L, -1430357614L, -1456177824L, -1640752116L, 1575967968L, 
1519456866L, -263813976L, 1019026508L, 92653436L, 1906334002L, 
33899120L, -1198243004L, 1354687448L, -993365126L, 1533138992L, 
-2013155396L, -360795564L, 469536834L, -1134293344L, -443923780L, 
626584528L, -1599750814L, 1009815272L, -977572660L, -1047338500L, 
1777614322L, 1448354944L, -2079938060L, 860277384L, 71736122L, 
1239747920L, -1659220884L, 1168266644L, 779714642L, -1261625888L, 
1732400332L, -538100064L, -1399656062L, 1439820008L, 136415980L, 
-66886340L, -185053070L, -1138494864L, -541656540L, 1194895416L, 
-1206490854L, -1829591856L, -708449988L, 1867568020L, -1774975102L, 
-1094423616L, -1785072068L, -831708784L, 141932578L, -512994040L, 
992127116L, 1620963100L, -1742793582L, 2023380352L, -1910030316L, 
1752287016L, -1745402310L, 1841009104L, 1862809964L, -11091020L, 
1913621010L, -633919520L, -2074236468L, 1339521248L, -1135031262L, 
1970451240L, -1749689844L, -1806077124L, 2077569010L, -1058675984L, 
1428691524L, 1162362456L, -1863796934L, -1314713616L, -867982660L, 
1742107924L, 2067938498L, 2044861536L, -1541872260L, -360439856L, 
1574097186L, -1758644568L, 1402804108L, 1322738876L, 2069248818L, 
350127680L, 1251755188L, 1918628936L, -177064518L, 1310226960L, 
1305976044L, -1554284204L, -208801006L, -1675203168L, 220904140L, 
550632032L, 2016464834L, 2028794664L, -751634004L, 913268028L, 
-330785934L, -123278032L, 1772644132L, -295697096L, 344016602L, 
1491885968L, 446847740L, 991599508L, 23360578L, 1193538816L, 
632749176L, 1378523169L, 1491776211L, -2081070604L, -980891006L, 
2035263255L, -2129351199L, -892435674L, 1735712292L, -817411883L, 
-1673795457L, 249179416L, -465722314L, 335030979L, 206948101L, 
2065791650L, -1087448944L, 353699897L, -628639509L, 1283545564L, 
-841154550L, 1106190079L, 540430153L, -1020549922L, -1036887412L, 
1568829021L, 2047497319L, -935831152L, 1140304302L, 1874218075L, 
-1746072515L, 1457840810L, -1299374264L, 803287921L, -1803414301L, 
-1794745372L, -1613657326L, 258508519L, -849342287L, -1042226442L, 
212493588L, -163620315L, 172148527L, -70641432L, 553818566L, 
219175027L, -1580420395L, 1669910706L, -1687833472L, -1675343767L, 
-543054629L, 825157676L, -1129473990L, -1472481553L, -1263306375L, 
-36592114L, -86046756L, 606335053L, -921128009L, 633785664L, 
-460231650L, 1559083755L, -2035649939L, -1750547750L, 181123736L, 
1400183041L, 961117875L, -1723958828L, 127015138L, -119864969L, 
-1787371327L, -1845199802L, 893215620L, 192779573L, -1671638241L, 
-1936943496L, -1073673386L, 129569251L, 1853581221L, 1877239362L, 
-1328329680L, -460197799L, -1338622517L, -1537388996L, 1707511914L, 
1835616927L, 1444255529L, 105319358L, -1099457876L, -1880700931L, 
-1331646649L, 1525829680L, -1721910962L, -1548148357L, -1236134179L, 
1745325834L, -688110040L, -1593225583L, 1219528323L, 13932420L, 
-1786638926L, -162520313L, -2006492847L, -133938986L, 2044087732L, 
391432645L, 200247567L, 1226749832L, 475809446L, -1837476269L, 
1245677493L, -463182574L, -660242720L, 1417003849L, -1585332869L, 
1935382604L, 1965023706L, -1140532273L, -1712253543L, -1371902546L, 
1437506236L, -325829843L, 204228823L, 1452536096L, 1281021566L, 
853319755L, 1899395661L, 753100922L, -1717987144L, -1161594271L, 
-762634221L, 353930804L, 354370L, 378521687L, 889154465L, 517704806L, 
-1954479004L, -1965875307L, 1125152959L, 27396184L, 2003213430L, 
-1811897213L, 158500037L, 1895317986L, 222980176L, -577676935L, 
